8 0
10 0
11 0

16 0
18 0
19 0

24 0
26 0
27 0
31 0

33 0
35 0

40 0
42 0
43 0

48 0
50 0
51 0

56 0
58 0
59 0

64 0
66 0
67 0

72 0
74 1
75 1

80 0
82 1
83 1

88 0
90 1
91 1

96 0
98 0
100 0
101 0
102 0

104 0
105 0
106 0
107 0
108 0
109 0

112 0
116 1

120 0
123 1
124 1

128 0
132 1

136 0
139 0
143 0

147 0
150 0

152 0
153 0
154 0
155 0
156 0
157 0
159 0

161 0
163 0
164 0

168 0
170 0
172 0
173 0
174 0

176 0
178 0
180 1

184 0
186 0
188 0
189 0
190 0

192 0
194 1
195 1
196 1

200 0
201 0
202 0
203 0
204 0
205 0
206 0

208 0
209 0
210 0
211 0
212 0
213 0

216 0
218 0
220 0
223 0

232 0
234 0
236 0
237 0
238 0

240 0
242 0
244 1

248 0
250 0
252 0
253 0
254 0

256 0
258 1
259 1
260 1

264 0
265 0
266 0
267 0
268 0
269 0

272 0
275 0

280 0
282 0
284 0
286 0

288 0

290 0
291 0
292 0

298 0
300 1
302 0

306 0
308 1
310 0

314 0
316 1
318 0
320 1

322 0
329 0

331 0
332 0
335 0
336 0

339 0
341 0
342 0

351 0

353 0
354 0
355 0
357 0
358 0
359 0

361 0
363 0
